20.287556 89.144
20.434568 89.143
20.582645 89.142
20.731795 89.141
20.882026 89.141
21.033346 89.140
21.185763 89.139
21.339283 89.138
21.493917 89.137
21.649670 89.136
21.806553 89.135
21.964572 89.133
22.123736 89.131
22.284054 89.129
22.445534 89.125
22.608183 89.122
22.772011 89.117
22.937027 89.112
23.103238 89.106
23.270653 89.099
23.439282 89.091
23.609133 89.083
23.780214 89.074
23.952536 89.064
24.126106 89.053
24.300933 89.042
24.477028 89.030
24.654398 89.018
24.833054 89.005
25.013005 88.992
25.194260 88.979
25.376828 88.966
25.560718 88.953
25.745942 88.940
25.932508 88.927
26.120425 88.914
26.309705 88.901
26.500356 88.888
26.692388 88.875
26.885812 88.863
27.080638 88.851
27.276875 88.839
27.474535 88.827
27.673627 88.816
27.874161 88.804
28.076149 88.793
28.279600 88.783
28.484526 88.772
28.690936 88.762
28.898843 88.751
29.108256 88.742
29.319186 88.732
29.531645 88.722
29.745643 88.713
29.961193 88.704
30.178304 88.695
30.396988 88.686
30.617257 88.677
30.839123 88.669
31.062596 88.660
31.287688 88.652
31.514411 88.644
31.742778 88.636
31.972799 88.628
32.204487 88.620
32.437854 88.612
32.672912 88.605
32.909674 88.597
33.148151 88.590
33.388356 88.583
33.630302 88.575
33.874001 88.568
34.119466 88.561
34.366709 88.555
34.615745 88.547
34.866585 88.540
35.119242 88.533
35.373731 88.525
35.630064 88.517
35.888254 88.509
36.148315 88.500
36.410260 88.491
36.674104 88.481
36.939860 88.470
37.207541 88.459
37.477162 88.446
37.748737 88.433
38.022280 88.420
38.297805 88.405
38.575327 88.390
38.854860 88.374
39.136418 88.357
39.420017 88.339
39.705670 88.321
39.993394 88.302
40.283203 88.283
40.575111 88.264
40.869135 88.244
41.165290 88.224
41.463591 88.204
41.764053 88.184
42.066692 88.163
42.371525 88.143
42.678567 88.123
42.987833 88.103
43.299341 88.084
43.613105 88.064
43.929144 88.045
44.247473 88.025
44.568108 88.006
44.891067 87.987
45.216366 87.968
45.544023 87.949
45.874053 87.930
46.206476 87.911
46.541307 87.891
46.878564 87.871
47.218266 87.851
47.560429 87.830
47.905071 87.809
48.252211 87.787
48.601867 87.764
48.954056 87.741
49.308797 87.716
49.666109 87.691
50.026010 87.666
50.388519 87.639
50.753655 87.612
51.121437 87.585
51.491884 87.556
51.865015 87.527
52.240851 87.498
52.619409 87.468
53.000711 87.438
53.384776 87.408
53.771624 87.377
54.161276 87.347
54.553751 87.316
54.949070 87.286
55.347253 87.256
55.748322 87.226
56.152298 87.197
56.559200 87.169
56.969052 87.140
57.381873 87.113
57.797686 87.086
58.216511 87.060
58.638372 87.035
59.063290 87.011
59.491287 86.987
59.922385 86.965
60.356608 86.943
60.793977 86.921
61.234515 86.901
61.678245 86.881
62.125191 86.862
62.575376 86.843
63.028823 86.825
63.485556 86.807
63.945598 86.789
64.408975 86.772
64.875708 86.754
65.345825 86.737
65.819347 86.720
66.296302 86.702
66.776712 86.684
67.260603 86.666
67.748001 86.648
68.238931 86.629
68.733419 86.610
69.231490 86.590
69.733169 86.570
70.238485 86.549
70.747462 86.528
71.260127 86.506
71.776507 86.483
72.296629 86.460
72.820521 86.436
73.348208 86.412
73.879719 86.387
74.415082 86.361
74.954325 86.334
75.497475 86.307
76.044561 86.280
76.595611 86.251
77.150654 86.222
77.709720 86.193
78.272836 86.163
78.840033 86.133
79.411341 86.102
79.986788 86.071
80.566405 86.040
81.150223 86.008
81.738271 85.977
82.330580 85.946
82.927181 85.915
83.528106 85.884
84.133385 85.853
84.743050 85.824
85.357133 85.794
85.975666 85.765
86.598681 85.737
87.226211 85.710
87.858288 85.683
88.494945 85.658
89.136216 85.633
89.782134 85.609
90.432732 85.585
91.088045 85.563
91.748107 85.541
92.412951 85.519
93.082614 85.498
93.757129 85.478
94.436532 85.458
95.120858 85.438
95.810143 85.419
96.504422 85.399
97.203733 85.379
97.908111 85.359
98.617594 85.339
99.332218 85.319
100.052020 85.299
100.777038 85.278
101.507310 85.256
102.242874 85.234
102.983768 85.211
103.730031 85.188
104.481701 85.165
105.238819 85.140
106.001423 85.116
106.769553 85.091
107.543249 85.065
108.322552 85.039
109.107501 85.013
109.898139 84.986
110.694507 84.960
111.496645 84.933
112.304595 84.906
113.118401 84.879
113.938103 84.852
114.763746 84.824
115.595371 84.798
116.433023 84.771
117.276744 84.744
118.126580 84.717
118.982574 84.691
119.844771 84.665
120.713215 84.639
121.587953 84.614
122.469030 84.589
123.356491 84.565
124.250383 84.541
125.150752 84.518
126.057646 84.495
126.971112 84.474
127.891197 84.452
128.817949 84.432
129.751417 84.412
130.691649 84.394
131.638695 84.376
132.592603 84.358
133.553424 84.342
134.521207 84.326
135.496003 84.311
136.477863 84.296
137.466838 84.282
138.462979 84.269
139.466339 84.255
140.476969 84.242
141.494924 84.229
142.520254 84.217
143.553015 84.204
144.593259 84.192
145.641041 84.179
146.696416 84.166
147.759439 84.153
148.830165 84.140
149.908650 84.127
150.994949 84.113
152.089121 84.100
153.191221 84.086
154.301308 84.072
155.419439 84.058
156.545672 84.044
157.680067 84.029
158.822682 84.015
159.973576 84.001
161.132811 83.987
162.300446 83.973
163.476541 83.959
164.661160 83.945
165.854363 83.931
167.056212 83.917
168.266770 83.903
169.486100 83.889
170.714266 83.875
171.951332 83.861
173.197363 83.846
174.452422 83.831
175.716576 83.816
176.989891 83.800
178.272433 83.783
179.564268 83.766
180.865465 83.748
182.176091 83.730
183.496214 83.710
184.825903 83.690
186.165227 83.669
187.514257 83.647
188.873063 83.625
190.241715 83.602
191.620285 83.579
193.008845 83.556
194.407466 83.532
195.816223 83.509
197.235188 83.486
198.664435 83.464
200.104040 83.442
201.554076 83.422
203.014620 83.402
204.485748 83.383
205.967536 83.365
207.460061 83.348
208.963403 83.333
210.477638 83.319
212.002845 83.305
213.539105 83.293
215.086498 83.282
216.645103 83.271
218.215003 83.260
219.796279 83.250
221.389013 83.241
222.993289 83.231
224.609190 83.221
226.236801 83.211
227.876206 83.201
229.527491 83.190
231.190742 83.179
232.866046 83.167
234.553489 83.156
236.253160 83.144
237.965148 83.132
239.689541 83.120
241.426431 83.108
243.175906 83.097
244.938059 83.085
246.712981 83.075
248.500765 83.064
250.301504 83.055
252.115292 83.046
253.942223 83.038
255.782393 83.030
257.635898 83.023
259.502834 83.016
261.383298 83.010
263.277390 83.005
265.185206 82.999
267.106847 82.994
269.042414 82.989
270.992006 82.984
272.955726 82.980
274.933675 82.975
276.925958 82.970
278.932678 82.965
280.953939 82.959
282.989847 82.953
285.040508 82.947
287.106029 82.941
289.186518 82.934
291.282083 82.926
293.392833 82.917
295.518878 82.908
297.660330 82.898
299.817299 82.888
301.989899 82.876
304.178242 82.864
306.382443 82.851
308.602616 82.837
310.838878 82.823
313.091345 82.809
315.360134 82.794
317.645363 82.779
319.947153 82.765
322.265622 82.750
324.600891 82.736
326.953083 82.723
329.322320 82.711
331.708725 82.700
334.112423 82.690
336.533540 82.680
338.972200 82.672
341.428533 82.665
343.902665 82.659
346.394725 82.653
348.904844 82.647
351.433152 82.640
353.979782 82.634
356.544865 82.627
359.128536 82.619
361.730930 82.610
364.352181 82.601
366.992427 82.591
369.651806 82.581
372.330455 82.571
375.028515 82.561
377.746126 82.551
380.483430 82.543
383.240570 82.536
386.017689 82.530
388.814933 82.527
391.632446 82.524
394.470376 82.524
397.328871 82.525
400.208080 82.528
403.108152 82.532
406.029240 82.537
408.971496 82.544
411.935072 82.551
414.920123 82.559
417.926805 82.566
420.955275 82.574
424.005691 82.581
427.078211 82.586
430.172995 82.591
433.290206 82.594
436.430006 82.595
439.592557 82.594
442.778026 82.591
445.986578 82.586
449.218381 82.578
452.473602 82.569
455.752413 82.558
459.054983 82.546
462.381484 82.533
465.732091 82.519
469.106978 82.506
472.506320 82.493
475.930296 82.482
479.379083 82.472
482.852861 82.465
486.351812 82.459
489.876118 82.456
493.425962 82.455
497.001530 82.456
500.603008 82.458
504.230584 82.463
507.884447 82.468
511.564787 82.474
515.271796 82.481
519.005668 82.488
522.766597 82.495
526.554779 82.501
530.370412 82.508
534.213695 82.513
538.084827 82.517
541.984012 82.520
545.911451 82.522
549.867351 82.522
553.851916 82.520
557.865356 82.518
561.907878 82.514
565.979694 82.509
570.081016 82.504
574.212058 82.499
578.373036 82.495
582.564165 82.492
586.785665 82.491
591.037756 82.491
595.320659 82.494
599.634598 82.499
603.979798 82.506
608.356484 82.514
612.764886 82.525
617.205233 82.536
621.677756 82.548
626.182690 82.561
630.720268 82.574
635.290727 82.586
639.894305 82.597
644.531243 82.608
649.201782 82.618
653.906166 82.626
658.644640 82.633
663.417450 82.639
668.224846 82.644
673.067079 82.648
677.944401 82.651
682.857065 82.654
687.805329 82.656
692.789450 82.658
697.809688 82.660
702.866305 82.662
707.959564 82.665
713.089730 82.667
718.257073 82.671
723.461859 82.675
728.704362 82.679
733.984854 82.685
739.303611 82.693
744.660910 82.702
750.057030 82.714
755.492252 82.728
760.966861 82.746
766.481140 82.766
772.035378 82.789
777.629865 82.816
783.264892 82.845
788.940752 82.877
794.657742 82.911
800.416159 82.947
806.216305 82.984
812.058481 83.022
817.942991 83.061
823.870143 83.100
829.840246 83.138
835.853610 83.176
841.910550 83.213
848.011381 83.248
854.156421 83.283
860.345991 83.317
866.580412 83.349
872.860011 83.380
879.185115 83.411
885.556052 83.441
891.973157 83.471
898.436762 83.501
904.947205 83.532
911.504825 83.564
918.109965 83.598
924.762968 83.633
931.464182 83.669
938.213956 83.708
945.012641 83.748
951.860592 83.790
958.758166 83.834
965.705723 83.879
972.703625 83.925
979.752236 83.973
986.851925 84.021
994.003060 84.071
1001.206016 84.122
1008.461168 84.174
1015.768893 84.227
1023.129573 84.280
1030.543592 84.335
1038.011336 84.390
1045.533194 84.445
1053.109558 84.501
1060.740824 84.557
1068.427390 84.612
1076.169655 84.666
1083.968024 84.719
1091.822903 84.772
1099.734702 84.822
1107.703833 84.871
1115.730711 84.919
1123.815756 84.965
1131.959388 85.009
1140.162033 85.053
1148.424117 85.097
1156.746071 85.141
1165.128330 85.185
1173.571330 85.231
1182.075512 85.278
1190.641318 85.329
1199.269196 85.382
1207.959595 85.438
1216.712968 85.498
1225.529772 85.562
1234.410466 85.629
1243.355513 85.698
1252.365380 85.770
1261.440535 85.844
1270.581453 85.918
1279.788610 85.992
1289.062486 86.066
1298.403564 86.138
1307.812332 86.207
1317.289279 86.274
1326.834900 86.338
1336.449693 86.399
1346.134158 86.457
1355.888801 86.513
1365.714131 86.566
1375.610658 86.617
1385.578900 86.667
1395.619376 86.717
1405.732609 86.767
1415.919127 86.819
1426.179461 86.872
1436.514145 86.927
1446.923719 86.985
1457.408724 87.045
1467.969709 87.109
1478.607223 87.175
1489.321820 87.243
1500.114060 87.313
1510.984505 87.386
1521.933721 87.459
1532.962280 87.533
1544.070757 87.607
1555.259730 87.680
1566.529783 87.753
1577.881504 87.824
1589.315484 87.893
1600.832319 87.961
1612.432610 88.026
1624.116961 88.090
1635.885982 88.151
1647.740286 88.209
1659.680492 88.266
1671.707221 88.321
1683.821100 88.374
1696.022762 88.427
1708.312842 88.478
1720.691981 88.528
1733.160825 88.579
1745.720022 88.629
1758.370229 88.680
1771.112105 88.731
1783.946313 88.783
1796.873524 88.836
1809.894410 88.891
1823.009651 88.948
1836.219930 89.006
1849.525937 89.067
1862.928364 89.129
1876.427911 89.195
1890.025281 89.262
1903.721184 89.331
1917.516332 89.402
1931.411446 89.475
1945.407249 89.549
1959.504472 89.623
1973.703849 89.699
1988.006121 89.774
2002.412033 89.850
2016.922336 89.925
2031.537787 89.999
2046.259147 90.073
2061.087184 90.146
2076.022671 90.218
2091.066388 90.288
2106.219117 90.358
2121.481649 90.427
2136.854779 90.496
2152.339310 90.564
2167.936048 90.632
2183.645806 90.701
2199.469403 90.769
2215.407665 90.838
2231.461423 90.907
2247.631512 90.977
2263.918776 91.048
2280.324065 91.118
2296.848233 91.190
2313.492142 91.262
2330.256660 91.334
2347.142660 91.407
2364.151024 91.480
2381.282637 91.554
2398.538392 91.628
2415.919190 91.703
2433.425937 91.777
2451.059544 91.852
2468.820932 91.926
2486.711026 92.000
2504.730759 92.072
2522.881071 92.143
2541.162907 92.213
2559.577221 92.281
2578.124973 92.348
2596.807129 92.413
2615.624664 92.476
2634.578558 92.538
2653.669801 92.599
2672.899386 92.659
2692.268317 92.718
2711.777603 92.775
2731.428261 92.833
2751.221316 92.889
2771.157800 92.945
2791.238752 93.001
2811.465218 93.057
2831.838254 93.112
2852.358922 93.167
2873.028290 93.223
2893.847438 93.278
2914.817449 93.333
2935.939418 93.387
2957.214445 93.441
2978.643640 93.493
3000.228120 93.545
3021.969009 93.595
3043.867443 93.643
3065.924561 93.689
3088.141514 93.734
3110.519460 93.777
3133.059567 93.819
3155.763008 93.859
3178.630967 93.898
3201.664638 93.936
3224.865219 93.973
3248.233922 94.010
3271.771964 94.045
3295.480573 94.080
3319.360983 94.115
3343.414441 94.149
3367.642201 94.184
3392.045524 94.218
3416.625684 94.251
3441.383962 94.285
3466.321649 94.319
3491.440045 94.352
3516.740459 94.385
3542.224210 94.417
3567.892627 94.448
3593.747047 94.479
3619.788820 94.507
3646.019302 94.534
3672.439861 94.558
3699.051874 94.580
3725.856728 94.598
3752.855822 94.613
3780.050562 94.625
3807.442367 94.632
3835.032664 94.635
3862.822892 94.633
3890.814499 94.626
3919.008944 94.614
3947.407699 94.597
3976.012242 94.574
4004.824066 94.547
4033.844672 94.515
4063.075573 94.478
4092.518294 94.436
4122.174368 94.390
4152.045343 94.341
4182.132775 94.287
4212.438233 94.229
4242.963297 94.168
4273.709558 94.103
4304.678619 94.034
4335.872095 93.962
4367.291612 93.887
4398.938807 93.808
4430.815331 93.725
4462.922845 93.639
4495.263024 93.550
4527.837553 93.458
4560.648130 93.362
4593.696467 93.263
4626.984285 93.160
4660.513320 93.054
4694.285321 92.943
4728.302048 92.828
4762.565273 92.707
4797.076784 92.581
4831.838380 92.448
4866.851873 92.308
4902.119088 92.161
4937.641864 92.006
4973.422052 91.843
5009.461518 91.673
5045.762141 91.495
5082.325814 91.310
5119.154442 91.118
5156.249945 90.921
5193.614258 90.719
5231.249328 90.512
5269.157117 90.302
5307.339601 90.090
5345.798772 89.876
5384.536633 89.661
5423.555205 89.446
5462.856522 89.232
5502.442632 89.019
5542.315600 88.806
5582.477504 88.596
5622.930437 88.387
5663.676509 88.180
5704.717843 87.975
5746.056580 87.772
5787.694875 87.571
5829.634898 87.372
5871.878836 87.174
5914.428890 86.978
5957.287280 86.784
6000.456239 86.590
6043.938019 86.398
6087.734885 86.207
6131.849122 86.016
6176.283028 85.826
6221.038921 85.636
6266.119133 85.447
6311.526016 85.259
6357.261935 85.070
6403.329275 84.882
6449.730439 84.694
6496.467844 84.506
6543.543928 84.318
6590.961145 84.130
6638.721967 83.941
6686.828883 83.752
6735.284401 83.562
6784.091048 83.373
6833.251369 83.183
6882.767925 82.995
6932.643299 82.807
6982.880090 82.620
7033.480917 82.435
7084.448419 82.252
7135.785253 82.071
7187.494094 81.892
7239.577640 81.714
7292.038603 81.537
7344.879721 81.362
7398.103747 81.187
7451.713457 81.013
7505.711644 80.837
7560.101125 80.661
7614.884734 80.484
7670.065328 80.304
7725.645783 80.122
7781.628997 79.938
7838.017889 79.752
7894.815397 79.563
7952.024484 79.371
8009.648131 79.176
8067.689344 78.978
8126.151146 78.778
8185.036587 78.575
8244.348736 78.369
8304.090686 78.160
8364.265550 77.948
8424.876466 77.733
8485.926594 77.515
8547.419116 77.294
8609.357239 77.071
8671.744190 76.844
8734.583223 76.614
8797.877614 76.382
8861.630662 76.147
8925.845690 75.909
8990.526048 75.669
9055.675106 75.427
9121.296260 75.184
9187.392933 74.939
9253.968570 74.694
9321.026641 74.450
9388.570642 74.208
9456.604095 73.972
9525.130547 73.742
9594.153569 73.522
9663.676761 73.317
9733.703746 73.130
9804.238176 72.966
9875.283727 72.830
9946.844104 72.725
10018.923037 72.656
10091.524283 72.624
10164.651628 72.630
10238.308884 72.672
10312.499890 72.749
10387.228516 72.855
10462.498655 72.985
10538.314233 73.135
10614.679203 73.299
10691.597544 73.473
10769.073267 73.651
10847.110411 73.832
10925.713044 74.011
11004.885265 74.189
11084.631200 74.364
11164.955007 74.535
11245.860874 74.704
11327.353017 74.871
11409.435687 75.036
11492.113161 75.202
11575.389750 75.370
11659.269796 75.541
11743.757671 75.716
11828.857780 75.897
11914.574560 76.082
12000.912479 76.274
12087.876037 76.470
12175.469770 76.671
12263.698243 76.876
12352.566056 77.083
12442.077842 77.290
12532.238267 77.496
12623.052031 77.698
12714.523870 77.896
12806.658551 78.087
12899.460878 78.270
12992.935689 78.443
13087.087857 78.603
13181.922290 78.751
13277.443933 78.885
13373.657765 79.003
13470.568802 79.106
13568.182097 79.191
13666.502737 79.260
13765.535850 79.311
13865.286597 79.344
13965.760179 79.360
14066.961835 79.359
14168.896839 79.341
14271.570506 79.306
14374.988189 79.253
14479.155279 79.184
14584.077207 79.098
14689.759442 78.994
14796.207495 78.872
14903.426914 78.732
15011.423288 78.573
15120.202250 78.395
15229.769468 78.196
15340.130656 77.978
15451.291566 77.738
15563.257994 77.477
15676.035777 77.194
15789.630794 76.890
15904.048968 76.564
16019.296263 76.217
16135.378687 75.849
16252.302292 75.461
16370.073174 75.054
16488.697473 74.629
16608.181372 74.186
16728.531100 73.728
16849.752932 73.256
16971.853188 72.773
17094.838232 72.280
17218.714477 71.781
17343.488380 71.279
17469.166446 70.778
17595.755228 70.283
17723.261323 69.800
17851.691381 69.336
17981.052096 68.897
18111.350211 68.492
18242.592521 68.129
18374.785866 67.814
18507.937139 67.551
18642.053281 67.342
18777.141284 67.184
18913.208190 67.073
19050.261093 67.000
19188.307138 66.956
19327.353521 66.932
19467.407492 66.921
19608.476352 66.916
19750.567454 66.915
19893.688208 66.914
20037.846073 66.914

