20.287556 99.706
20.434568 99.730
20.582645 99.756
20.731795 99.782
20.882026 99.810
21.033346 99.839
21.185763 99.868
21.339283 99.899
21.493917 99.930
21.649670 99.962
21.806553 99.994
21.964572 100.027
22.123736 100.060
22.284054 100.093
22.445534 100.126
22.608183 100.160
22.772011 100.193
22.937027 100.226
23.103238 100.258
23.270653 100.291
23.439282 100.322
23.609133 100.353
23.780214 100.383
23.952536 100.413
24.126106 100.441
24.300933 100.468
24.477028 100.495
24.654398 100.520
24.833054 100.544
25.013005 100.566
25.194260 100.587
25.376828 100.607
25.560718 100.625
25.745942 100.642
25.932508 100.657
26.120425 100.671
26.309705 100.682
26.500356 100.692
26.692388 100.701
26.885812 100.708
27.080638 100.712
27.276875 100.716
27.474535 100.717
27.673627 100.717
27.874161 100.714
28.076149 100.710
28.279600 100.705
28.484526 100.697
28.690936 100.688
28.898843 100.677
29.108256 100.665
29.319186 100.650
29.531645 100.634
29.745643 100.617
29.961193 100.598
30.178304 100.577
30.396988 100.555
30.617257 100.532
30.839123 100.507
31.062596 100.481
31.287688 100.454
31.514411 100.426
31.742778 100.396
31.972799 100.366
32.204487 100.335
32.437854 100.303
32.672912 100.270
32.909674 100.236
33.148151 100.202
33.388356 100.167
33.630302 100.132
33.874001 100.097
34.119466 100.061
34.366709 100.025
34.615745 99.989
34.866585 99.953
35.119242 99.916
35.373731 99.880
35.630064 99.844
35.888254 99.808
36.148315 99.773
36.410260 99.737
36.674104 99.702
36.939860 99.667
37.207541 99.632
37.477162 99.598
37.748737 99.564
38.022280 99.531
38.297805 99.497
38.575327 99.465
38.854860 99.432
39.136418 99.400
39.420017 99.368
39.705670 99.336
39.993394 99.304
40.283203 99.273
40.575111 99.242
40.869135 99.211
41.165290 99.180
41.463591 99.149
41.764053 99.117
42.066692 99.086
42.371525 99.055
42.678567 99.023
42.987833 98.992
43.299341 98.960
43.613105 98.927
43.929144 98.895
44.247473 98.862
44.568108 98.828
44.891067 98.794
45.216366 98.760
45.544023 98.725
45.874053 98.690
46.206476 98.654
46.541307 98.617
46.878564 98.580
47.218266 98.542
47.560429 98.503
47.905071 98.464
48.252211 98.424
48.601867 98.384
48.954056 98.343
49.308797 98.301
49.666109 98.258
50.026010 98.215
50.388519 98.172
50.753655 98.127
51.121437 98.082
51.491884 98.037
51.865015 97.991
52.240851 97.945
52.619409 97.898
53.000711 97.851
53.384776 97.803
53.771624 97.755
54.161276 97.707
54.553751 97.659
54.949070 97.610
55.347253 97.561
55.748322 97.512
56.152298 97.464
56.559200 97.415
56.969052 97.366
57.381873 97.317
57.797686 97.269
58.216511 97.221
58.638372 97.173
59.063290 97.126
59.491287 97.079
59.922385 97.032
60.356608 96.986
60.793977 96.940
61.234515 96.895
61.678245 96.850
62.125191 96.806
62.575376 96.763
63.028823 96.720
63.485556 96.677
63.945598 96.635
64.408975 96.594
64.875708 96.553
65.345825 96.513
65.819347 96.473
66.296302 96.433
66.776712 96.394
67.260603 96.355
67.748001 96.317
68.238931 96.278
68.733419 96.240
69.231490 96.202
69.733169 96.164
70.238485 96.126
70.747462 96.088
71.260127 96.049
71.776507 96.011
72.296629 95.972
72.820521 95.932
73.348208 95.893
73.879719 95.853
74.415082 95.812
74.954325 95.771
75.497475 95.729
76.044561 95.687
76.595611 95.643
77.150654 95.600
77.709720 95.555
78.272836 95.509
78.840033 95.463
79.411341 95.416
79.986788 95.368
80.566405 95.319
81.150223 95.270
81.738271 95.219
82.330580 95.168
82.927181 95.115
83.528106 95.062
84.133385 95.008
84.743050 94.954
85.357133 94.898
85.975666 94.842
86.598681 94.785
87.226211 94.728
87.858288 94.670
88.494945 94.612
89.136216 94.553
89.782134 94.494
90.432732 94.434
91.088045 94.374
91.748107 94.314
92.412951 94.254
93.082614 94.194
93.757129 94.135
94.436532 94.075
95.120858 94.016
95.810143 93.957
96.504422 93.898
97.203733 93.841
97.908111 93.783
98.617594 93.727
99.332218 93.671
100.052020 93.617
100.777038 93.563
101.507310 93.510
102.242874 93.458
102.983768 93.406
103.730031 93.356
104.481701 93.307
105.238819 93.259
106.001423 93.212
106.769553 93.166
107.543249 93.121
108.322552 93.077
109.107501 93.035
109.898139 92.993
110.694507 92.953
111.496645 92.914
112.304595 92.875
113.118401 92.838
113.938103 92.802
114.763746 92.766
115.595371 92.731
116.433023 92.697
117.276744 92.664
118.126580 92.631
118.982574 92.598
119.844771 92.566
120.713215 92.534
121.587953 92.502
122.469030 92.470
123.356491 92.438
124.250383 92.406
125.150752 92.374
126.057646 92.342
126.971112 92.310
127.891197 92.277
128.817949 92.244
129.751417 92.210
130.691649 92.176
131.638695 92.142
132.592603 92.107
133.553424 92.072
134.521207 92.037
135.496003 92.001
136.477863 91.964
137.466838 91.928
138.462979 91.890
139.466339 91.853
140.476969 91.816
141.494924 91.778
142.520254 91.740
143.553015 91.702
144.593259 91.663
145.641041 91.625
146.696416 91.587
147.759439 91.549
148.830165 91.510
149.908650 91.472
150.994949 91.434
152.089121 91.396
153.191221 91.359
154.301308 91.321
155.419439 91.284
156.545672 91.246
157.680067 91.209
158.822682 91.173
159.973576 91.136
161.132811 91.100
162.300446 91.064
163.476541 91.028
164.661160 90.992
165.854363 90.957
167.056212 90.922
168.266770 90.887
169.486100 90.852
170.714266 90.818
171.951332 90.784
173.197363 90.751
174.452422 90.718
175.716576 90.685
176.989891 90.653
178.272433 90.622
179.564268 90.591
180.865465 90.561
182.176091 90.531
183.496214 90.502
184.825903 90.473
186.165227 90.445
187.514257 90.418
188.873063 90.391
190.241715 90.365
191.620285 90.340
193.008845 90.314
194.407466 90.289
195.816223 90.265
197.235188 90.241
198.664435 90.216
200.104040 90.192
201.554076 90.167
203.014620 90.143
204.485748 90.118
205.967536 90.092
207.460061 90.066
208.963403 90.040
210.477638 90.012
212.002845 89.984
213.539105 89.955
215.086498 89.925
216.645103 89.894
218.215003 89.863
219.796279 89.830
221.389013 89.797
222.993289 89.762
224.609190 89.727
226.236801 89.691
227.876206 89.654
229.527491 89.617
231.190742 89.579
232.866046 89.541
234.553489 89.503
236.253160 89.464
237.965148 89.425
239.689541 89.387
241.426431 89.348
243.175906 89.310
244.938059 89.273
246.712981 89.236
248.500765 89.199
250.301504 89.164
252.115292 89.130
253.942223 89.097
255.782393 89.065
257.635898 89.034
259.502834 89.005
261.383298 88.978
263.277390 88.952
265.185206 88.927
267.106847 88.904
269.042414 88.883
270.992006 88.864
272.955726 88.845
274.933675 88.829
276.925958 88.814
278.932678 88.800
280.953939 88.787
282.989847 88.776
285.040508 88.766
287.106029 88.757
289.186518 88.748
291.282083 88.740
293.392833 88.733
295.518878 88.727
297.660330 88.720
299.817299 88.714
301.989899 88.709
304.178242 88.703
306.382443 88.697
308.602616 88.691
310.838878 88.685
313.091345 88.679
315.360134 88.672
317.645363 88.664
319.947153 88.655
322.265622 88.646
324.600891 88.635
326.953083 88.624
329.322320 88.610
331.708725 88.596
334.112423 88.580
336.533540 88.562
338.972200 88.542
341.428533 88.520
343.902665 88.497
346.394725 88.471
348.904844 88.444
351.433152 88.414
353.979782 88.383
356.544865 88.350
359.128536 88.315
361.730930 88.279
364.352181 88.241
366.992427 88.201
369.651806 88.161
372.330455 88.120
375.028515 88.077
377.746126 88.034
380.483430 87.991
383.240570 87.947
386.017689 87.903
388.814933 87.859
391.632446 87.814
394.470376 87.770
397.328871 87.726
400.208080 87.681
403.108152 87.637
406.029240 87.593
408.971496 87.549
411.935072 87.505
414.920123 87.461
417.926805 87.417
420.955275 87.373
424.005691 87.329
427.078211 87.285
430.172995 87.241
433.290206 87.196
436.430006 87.152
439.592557 87.108
442.778026 87.063
445.986578 87.019
449.218381 86.976
452.473602 86.933
455.752413 86.891
459.054983 86.849
462.381484 86.810
465.732091 86.771
469.106978 86.735
472.506320 86.702
475.930296 86.670
479.379083 86.643
482.852861 86.618
486.351812 86.598
489.876118 86.582
493.425962 86.571
497.001530 86.565
500.603008 86.564
504.230584 86.568
507.884447 86.579
511.564787 86.595
515.271796 86.617
519.005668 86.644
522.766597 86.677
526.554779 86.715
530.370412 86.758
534.213695 86.806
538.084827 86.857
541.984012 86.912
545.911451 86.969
549.867351 87.028
553.851916 87.089
557.865356 87.151
561.907878 87.213
565.979694 87.274
570.081016 87.334
574.212058 87.393
578.373036 87.449
582.564165 87.503
586.785665 87.554
591.037756 87.601
595.320659 87.644
599.634598 87.683
603.979798 87.718
608.356484 87.749
612.764886 87.775
617.205233 87.796
621.677756 87.813
626.182690 87.825
630.720268 87.832
635.290727 87.835
639.894305 87.833
644.531243 87.827
649.201782 87.818
653.906166 87.804
658.644640 87.788
663.417450 87.769
668.224846 87.747
673.067079 87.723
677.944401 87.698
682.857065 87.672
687.805329 87.646
692.789450 87.619
697.809688 87.594
702.866305 87.569
707.959564 87.546
713.089730 87.525
718.257073 87.506
723.461859 87.489
728.704362 87.476
733.984854 87.465
739.303611 87.457
744.660910 87.452
750.057030 87.450
755.492252 87.451
760.966861 87.455
766.481140 87.461
772.035378 87.470
777.629865 87.482
783.264892 87.496
788.940752 87.512
794.657742 87.531
800.416159 87.552
806.216305 87.576
812.058481 87.602
817.942991 87.631
823.870143 87.663
829.840246 87.697
835.853610 87.734
841.910550 87.773
848.011381 87.816
854.156421 87.862
860.345991 87.911
866.580412 87.963
872.860011 88.018
879.185115 88.076
885.556052 88.138
891.973157 88.203
898.436762 88.271
904.947205 88.342
911.504825 88.416
918.109965 88.493
924.762968 88.574
931.464182 88.656
938.213956 88.741
945.012641 88.828
951.860592 88.917
958.758166 89.007
965.705723 89.098
972.703625 89.190
979.752236 89.281
986.851925 89.372
994.003060 89.462
1001.206016 89.550
1008.461168 89.636
1015.768893 89.720
1023.129573 89.801
1030.543592 89.878
1038.011336 89.952
1045.533194 90.022
1053.109558 90.087
1060.740824 90.149
1068.427390 90.205
1076.169655 90.257
1083.968024 90.304
1091.822903 90.347
1099.734702 90.385
1107.703833 90.418
1115.730711 90.448
1123.815756 90.474
1131.959388 90.497
1140.162033 90.517
1148.424117 90.535
1156.746071 90.551
1165.128330 90.566
1173.571330 90.581
1182.075512 90.595
1190.641318 90.611
1199.269196 90.627
1207.959595 90.645
1216.712968 90.665
1225.529772 90.688
1234.410466 90.712
1243.355513 90.740
1252.365380 90.770
1261.440535 90.803
1270.581453 90.839
1279.788610 90.877
1289.062486 90.919
1298.403564 90.963
1307.812332 91.010
1317.289279 91.060
1326.834900 91.113
1336.449693 91.169
1346.134158 91.227
1355.888801 91.289
1365.714131 91.354
1375.610658 91.423
1385.578900 91.495
1395.619376 91.571
1405.732609 91.650
1415.919127 91.733
1426.179461 91.821
1436.514145 91.912
1446.923719 92.006
1457.408724 92.105
1467.969709 92.207
1478.607223 92.312
1489.321820 92.421
1500.114060 92.533
1510.984505 92.647
1521.933721 92.764
1532.962280 92.883
1544.070757 93.004
1555.259730 93.126
1566.529783 93.250
1577.881504 93.374
1589.315484 93.499
1600.832319 93.623
1612.432610 93.748
1624.116961 93.872
1635.885982 93.995
1647.740286 94.118
1659.680492 94.238
1671.707221 94.357
1683.821100 94.474
1696.022762 94.589
1708.312842 94.702
1720.691981 94.812
1733.160825 94.919
1745.720022 95.024
1758.370229 95.125
1771.112105 95.224
1783.946313 95.319
1796.873524 95.411
1809.894410 95.500
1823.009651 95.586
1836.219930 95.668
1849.525937 95.747
1862.928364 95.822
1876.427911 95.894
1890.025281 95.962
1903.721184 96.027
1917.516332 96.088
1931.411446 96.146
1945.407249 96.201
1959.504472 96.253
1973.703849 96.301
1988.006121 96.346
2002.412033 96.388
2016.922336 96.428
2031.537787 96.466
2046.259147 96.501
2061.087184 96.535
2076.022671 96.567
2091.066388 96.599
2106.219117 96.630
2121.481649 96.661
2136.854779 96.693
2152.339310 96.726
2167.936048 96.761
2183.645806 96.799
2199.469403 96.839
2215.407665 96.883
2231.461423 96.930
2247.631512 96.982
2263.918776 97.038
2280.324065 97.099
2296.848233 97.165
2313.492142 97.235
2330.256660 97.310
2347.142660 97.388
2364.151024 97.470
2381.282637 97.555
2398.538392 97.642
2415.919190 97.732
2433.425937 97.822
2451.059544 97.912
2468.820932 98.002
2486.711026 98.090
2504.730759 98.176
2522.881071 98.260
2541.162907 98.341
2559.577221 98.418
2578.124973 98.491
2596.807129 98.559
2615.624664 98.622
2634.578558 98.680
2653.669801 98.732
2672.899386 98.778
2692.268317 98.819
2711.777603 98.854
2731.428261 98.883
2751.221316 98.907
2771.157800 98.924
2791.238752 98.936
2811.465218 98.942
2831.838254 98.943
2852.358922 98.938
2873.028290 98.928
2893.847438 98.913
2914.817449 98.893
2935.939418 98.869
2957.214445 98.840
2978.643640 98.807
3000.228120 98.769
3021.969009 98.728
3043.867443 98.684
3065.924561 98.635
3088.141514 98.584
3110.519460 98.530
3133.059567 98.472
3155.763008 98.413
3178.630967 98.350
3201.664638 98.286
3224.865219 98.220
3248.233922 98.152
3271.771964 98.083
3295.480573 98.012
3319.360983 97.941
3343.414441 97.868
3367.642201 97.795
3392.045524 97.722
3416.625684 97.649
3441.383962 97.576
3466.321649 97.503
3491.440045 97.431
3516.740459 97.359
3542.224210 97.289
3567.892627 97.220
3593.747047 97.153
3619.788820 97.087
3646.019302 97.023
3672.439861 96.960
3699.051874 96.900
3725.856728 96.842
3752.855822 96.785
3780.050562 96.731
3807.442367 96.680
3835.032664 96.631
3862.822892 96.584
3890.814499 96.541
3919.008944 96.501
3947.407699 96.463
3976.012242 96.430
4004.824066 96.399
4033.844672 96.372
4063.075573 96.349
4092.518294 96.330
4122.174368 96.314
4152.045343 96.302
4182.132775 96.293
4212.438233 96.288
4242.963297 96.285
4273.709558 96.285
4304.678619 96.287
4335.872095 96.292
4367.291612 96.297
4398.938807 96.304
4430.815331 96.311
4462.922845 96.319
4495.263024 96.326
4527.837553 96.332
4560.648130 96.336
4593.696467 96.339
4626.984285 96.339
4660.513320 96.337
4694.285321 96.331
4728.302048 96.322
4762.565273 96.309
4797.076784 96.291
4831.838380 96.269
4866.851873 96.241
4902.119088 96.208
4937.641864 96.169
4973.422052 96.124
5009.461518 96.073
5045.762141 96.015
5082.325814 95.950
5119.154442 95.878
5156.249945 95.798
5193.614258 95.711
5231.249328 95.617
5269.157117 95.515
5307.339601 95.405
5345.798772 95.287
5384.536633 95.161
5423.555205 95.028
5462.856522 94.886
5502.442632 94.737
5542.315600 94.580
5582.477504 94.416
5622.930437 94.244
5663.676509 94.065
5704.717843 93.879
5746.056580 93.687
5787.694875 93.488
5829.634898 93.283
5871.878836 93.072
5914.428890 92.857
5957.287280 92.636
6000.456239 92.411
6043.938019 92.183
6087.734885 91.951
6131.849122 91.717
6176.283028 91.481
6221.038921 91.244
6266.119133 91.006
6311.526016 90.768
6357.261935 90.531
6403.329275 90.295
6449.730439 90.062
6496.467844 89.831
6543.543928 89.603
6590.961145 89.379
6638.721967 89.160
6686.828883 88.946
6735.284401 88.737
6784.091048 88.534
6833.251369 88.337
6882.767925 88.146
6932.643299 87.961
6982.880090 87.782
7033.480917 87.610
7084.448419 87.444
7135.785253 87.283
7187.494094 87.128
7239.577640 86.979
7292.038603 86.834
7344.879721 86.693
7398.103747 86.555
7451.713457 86.421
7505.711644 86.289
7560.101125 86.159
7614.884734 86.029
7670.065328 85.900
7725.645783 85.771
7781.628997 85.641
7838.017889 85.509
7894.815397 85.375
7952.024484 85.238
8009.648131 85.098
8067.689344 84.954
8126.151146 84.806
8185.036587 84.653
8244.348736 84.496
8304.090686 84.333
8364.265550 84.165
8424.876466 83.992
8485.926594 83.813
8547.419116 83.629
8609.357239 83.440
8671.744190 83.245
8734.583223 83.046
8797.877614 82.841
8861.630662 82.631
8925.845690 82.416
8990.526048 82.197
9055.675106 81.974
9121.296260 81.746
9187.392933 81.514
9253.968570 81.279
9321.026641 81.039
9388.570642 80.796
9456.604095 80.549
9525.130547 80.300
9594.153569 80.047
9663.676761 79.792
9733.703746 79.534
9804.238176 79.274
9875.283727 79.012
9946.844104 78.750
10018.923037 78.486
10091.524283 78.223
10164.651628 77.961
10238.308884 77.701
10312.499890 77.443
10387.228516 77.190
10462.498655 76.942
10538.314233 76.702
10614.679203 76.471
10691.597544 76.251
10769.073267 76.045
10847.110411 75.857
10925.713044 75.688
11004.885265 75.543
11084.631200 75.425
11164.955007 75.337
11245.860874 75.284
11327.353017 75.267
11409.435687 75.290
11492.113161 75.352
11575.389750 75.453
11659.269796 75.593
11743.757671 75.768
11828.857780 75.976
11914.574560 76.211
12000.912479 76.471
12087.876037 76.751
12175.469770 77.046
12263.698243 77.352
12352.566056 77.666
12442.077842 77.984
12532.238267 78.304
12623.052031 78.623
12714.523870 78.939
12806.658551 79.250
12899.460878 79.553
12992.935689 79.849
13087.087857 80.135
13181.922290 80.411
13277.443933 80.675
13373.657765 80.928
13470.568802 81.167
13568.182097 81.394
13666.502737 81.606
13765.535850 81.805
13865.286597 81.988
13965.760179 82.158
14066.961835 82.312
14168.896839 82.451
14271.570506 82.574
14374.988189 82.683
14479.155279 82.775
14584.077207 82.853
14689.759442 82.914
14796.207495 82.960
14903.426914 82.990
15011.423288 83.004
15120.202250 83.002
15229.769468 82.983
15340.130656 82.949
15451.291566 82.899
15563.257994 82.833
15676.035777 82.750
15789.630794 82.652
15904.048968 82.537
16019.296263 82.407
16135.378687 82.261
16252.302292 82.100
16370.073174 81.924
16488.697473 81.734
16608.181372 81.529
16728.531100 81.312
16849.752932 81.083
16971.853188 80.843
17094.838232 80.593
17218.714477 80.336
17343.488380 80.073
17469.166446 79.806
17595.755228 79.539
17723.261323 79.276
17851.691381 79.020
17981.052096 78.776
18111.350211 78.548
18242.592521 78.342
18374.785866 78.161
18507.937139 78.008
18642.053281 77.885
18777.141284 77.791
18913.208190 77.723
19050.261093 77.679
19188.307138 77.652
19327.353521 77.638
19467.407492 77.631
19608.476352 77.629
19750.567454 77.628
19893.688208 77.628
20037.846073 77.628

