20.287556 87.686
20.434568 87.710
20.582645 87.740
20.731795 87.773
20.882026 87.806
21.033346 87.840
21.185763 87.876
21.339283 87.912
21.493917 87.949
21.649670 87.987
21.806553 88.025
21.964572 88.064
22.123736 88.104
22.284054 88.144
22.445534 88.184
22.608183 88.224
22.772011 88.265
22.937027 88.306
23.103238 88.347
23.270653 88.388
23.439282 88.429
23.609133 88.470
23.780214 88.511
23.952536 88.551
24.126106 88.592
24.300933 88.632
24.477028 88.672
24.654398 88.712
24.833054 88.752
25.013005 88.791
25.194260 88.830
25.376828 88.869
25.560718 88.908
25.745942 88.946
25.932508 88.984
26.120425 89.022
26.309705 89.060
26.500356 89.097
26.692388 89.134
26.885812 89.171
27.080638 89.207
27.276875 89.243
27.474535 89.279
27.673627 89.315
27.874161 89.351
28.076149 89.386
28.279600 89.421
28.484526 89.456
28.690936 89.491
28.898843 89.525
29.108256 89.559
29.319186 89.593
29.531645 89.627
29.745643 89.660
29.961193 89.693
30.178304 89.726
30.396988 89.759
30.617257 89.792
30.839123 89.824
31.062596 89.856
31.287688 89.888
31.514411 89.919
31.742778 89.950
31.972799 89.981
32.204487 90.012
32.437854 90.042
32.672912 90.072
32.909674 90.102
33.148151 90.131
33.388356 90.161
33.630302 90.189
33.874001 90.218
34.119466 90.246
34.366709 90.274
34.615745 90.302
34.866585 90.329
35.119242 90.356
35.373731 90.383
35.630064 90.409
35.888254 90.435
36.148315 90.461
36.410260 90.486
36.674104 90.512
36.939860 90.536
37.207541 90.561
37.477162 90.585
37.748737 90.609
38.022280 90.633
38.297805 90.656
38.575327 90.679
38.854860 90.702
39.136418 90.725
39.420017 90.747
39.705670 90.769
39.993394 90.791
40.283203 90.813
40.575111 90.834
40.869135 90.856
41.165290 90.877
41.463591 90.897
41.764053 90.918
42.066692 90.938
42.371525 90.959
42.678567 90.979
42.987833 90.998
43.299341 91.018
43.613105 91.037
43.929144 91.056
44.247473 91.075
44.568108 91.094
44.891067 91.112
45.216366 91.130
45.544023 91.148
45.874053 91.166
46.206476 91.183
46.541307 91.201
46.878564 91.218
47.218266 91.234
47.560429 91.251
47.905071 91.267
48.252211 91.283
48.601867 91.299
48.954056 91.314
49.308797 91.329
49.666109 91.344
50.026010 91.359
50.388519 91.374
50.753655 91.388
51.121437 91.402
51.491884 91.416
51.865015 91.429
52.240851 91.443
52.619409 91.456
53.000711 91.469
53.384776 91.482
53.771624 91.494
54.161276 91.507
54.553751 91.519
54.949070 91.531
55.347253 91.543
55.748322 91.554
56.152298 91.566
56.559200 91.577
56.969052 91.588
57.381873 91.599
57.797686 91.610
58.216511 91.621
58.638372 91.631
59.063290 91.642
59.491287 91.652
59.922385 91.662
60.356608 91.672
60.793977 91.682
61.234515 91.691
61.678245 91.701
62.125191 91.710
62.575376 91.719
63.028823 91.728
63.485556 91.737
63.945598 91.746
64.408975 91.754
64.875708 91.763
65.345825 91.771
65.819347 91.779
66.296302 91.787
66.776712 91.794
67.260603 91.802
67.748001 91.809
68.238931 91.817
68.733419 91.824
69.231490 91.831
69.733169 91.837
70.238485 91.844
70.747462 91.850
71.260127 91.857
71.776507 91.863
72.296629 91.869
72.820521 91.875
73.348208 91.880
73.879719 91.886
74.415082 91.891
74.954325 91.896
75.497475 91.901
76.044561 91.906
76.595611 91.910
77.150654 91.915
77.709720 91.919
78.272836 91.923
78.840033 91.928
79.411341 91.931
79.986788 91.935
80.566405 91.939
81.150223 91.942
81.738271 91.946
82.330580 91.949
82.927181 91.952
83.528106 91.955
84.133385 91.957
84.743050 91.960
85.357133 91.962
85.975666 91.965
86.598681 91.967
87.226211 91.969
87.858288 91.971
88.494945 91.973
89.136216 91.974
89.782134 91.976
90.432732 91.977
91.088045 91.978
91.748107 91.980
92.412951 91.981
93.082614 91.982
93.757129 91.982
94.436532 91.983
95.120858 91.984
95.810143 91.984
96.504422 91.984
97.203733 91.985
97.908111 91.985
98.617594 91.985
99.332218 91.985
100.052020 91.985
100.777038 91.984
101.507310 91.984
102.242874 91.984
102.983768 91.983
103.730031 91.983
104.481701 91.982
105.238819 91.981
106.001423 91.981
106.769553 91.980
107.543249 91.979
108.322552 91.978
109.107501 91.977
109.898139 91.976
110.694507 91.974
111.496645 91.973
112.304595 91.972
113.118401 91.970
113.938103 91.969
114.763746 91.968
115.595371 91.966
116.433023 91.964
117.276744 91.963
118.126580 91.961
118.982574 91.959
119.844771 91.957
120.713215 91.955
121.587953 91.953
122.469030 91.951
123.356491 91.949
124.250383 91.946
125.150752 91.944
126.057646 91.942
126.971112 91.939
127.891197 91.937
128.817949 91.934
129.751417 91.931
130.691649 91.929
131.638695 91.926
132.592603 91.923
133.553424 91.920
134.521207 91.917
135.496003 91.914
136.477863 91.911
137.466838 91.907
138.462979 91.904
139.466339 91.901
140.476969 91.897
141.494924 91.894
142.520254 91.890
143.553015 91.886
144.593259 91.883
145.641041 91.879
146.696416 91.875
147.759439 91.871
148.830165 91.867
149.908650 91.862
150.994949 91.858
152.089121 91.853
153.191221 91.849
154.301308 91.844
155.419439 91.839
156.545672 91.834
157.680067 91.829
158.822682 91.823
159.973576 91.818
161.132811 91.812
162.300446 91.806
163.476541 91.800
164.661160 91.794
165.854363 91.788
167.056212 91.781
168.266770 91.775
169.486100 91.768
170.714266 91.762
171.951332 91.755
173.197363 91.748
174.452422 91.741
175.716576 91.734
176.989891 91.727
178.272433 91.720
179.564268 91.713
180.865465 91.706
182.176091 91.699
183.496214 91.692
184.825903 91.685
186.165227 91.678
187.514257 91.672
188.873063 91.665
190.241715 91.658
191.620285 91.651
193.008845 91.644
194.407466 91.637
195.816223 91.630
197.235188 91.623
198.664435 91.617
200.104040 91.610
201.554076 91.603
203.014620 91.597
204.485748 91.590
205.967536 91.583
207.460061 91.577
208.963403 91.570
210.477638 91.564
212.002845 91.558
213.539105 91.551
215.086498 91.545
216.645103 91.539
218.215003 91.533
219.796279 91.527
221.389013 91.521
222.993289 91.514
224.609190 91.508
226.236801 91.502
227.876206 91.496
229.527491 91.490
231.190742 91.484
232.866046 91.478
234.553489 91.472
236.253160 91.466
237.965148 91.459
239.689541 91.453
241.426431 91.446
243.175906 91.440
244.938059 91.433
246.712981 91.426
248.500765 91.419
250.301504 91.412
252.115292 91.405
253.942223 91.398
255.782393 91.391
257.635898 91.383
259.502834 91.376
261.383298 91.368
263.277390 91.360
265.185206 91.352
267.106847 91.344
269.042414 91.335
270.992006 91.327
272.955726 91.318
274.933675 91.310
276.925958 91.301
278.932678 91.292
280.953939 91.282
282.989847 91.273
285.040508 91.263
287.106029 91.254
289.186518 91.244
291.282083 91.234
293.392833 91.223
295.518878 91.213
297.660330 91.202
299.817299 91.191
301.989899 91.180
304.178242 91.168
306.382443 91.157
308.602616 91.145
310.838878 91.132
313.091345 91.119
315.360134 91.106
317.645363 91.093
319.947153 91.079
322.265622 91.065
324.600891 91.050
326.953083 91.035
329.322320 91.020
331.708725 91.004
334.112423 90.988
336.533540 90.972
338.972200 90.955
341.428533 90.937
343.902665 90.919
346.394725 90.900
348.904844 90.881
351.433152 90.861
353.979782 90.841
356.544865 90.819
359.128536 90.797
361.730930 90.774
364.352181 90.751
366.992427 90.726
369.651806 90.700
372.330455 90.674
375.028515 90.647
377.746126 90.619
380.483430 90.591
383.240570 90.562
386.017689 90.533
388.814933 90.505
391.632446 90.476
394.470376 90.448
397.328871 90.420
400.208080 90.392
403.108152 90.364
406.029240 90.336
408.971496 90.307
411.935072 90.277
414.920123 90.245
417.926805 90.212
420.955275 90.175
424.005691 90.136
427.078211 90.094
430.172995 90.048
433.290206 89.999
436.430006 89.946
439.592557 89.891
442.778026 89.833
445.986578 89.772
449.218381 89.710
452.473602 89.647
455.752413 89.584
459.054983 89.520
462.381484 89.456
465.732091 89.394
469.106978 89.332
472.506320 89.271
475.930296 89.212
479.379083 89.154
482.852861 89.096
486.351812 89.040
489.876118 88.983
493.425962 88.927
497.001530 88.871
500.603008 88.814
504.230584 88.757
507.884447 88.698
511.564787 88.639
515.271796 88.578
519.005668 88.516
522.766597 88.452
526.554779 88.387
530.370412 88.321
534.213695 88.253
538.084827 88.183
541.984012 88.112
545.911451 88.040
549.867351 87.966
553.851916 87.891
557.865356 87.816
561.907878 87.739
565.979694 87.661
570.081016 87.582
574.212058 87.503
578.373036 87.423
582.564165 87.343
586.785665 87.262
591.037756 87.180
595.320659 87.098
599.634598 87.016
603.979798 86.933
608.356484 86.850
612.764886 86.767
617.205233 86.684
621.677756 86.600
626.182690 86.517
630.720268 86.433
635.290727 86.349
639.894305 86.266
644.531243 86.182
649.201782 86.099
653.906166 86.015
658.644640 85.932
663.417450 85.850
668.224846 85.768
673.067079 85.686
677.944401 85.605
682.857065 85.525
687.805329 85.445
692.789450 85.367
697.809688 85.289
702.866305 85.212
707.959564 85.137
713.089730 85.062
718.257073 84.989
723.461859 84.918
728.704362 84.847
733.984854 84.779
739.303611 84.711
744.660910 84.646
750.057030 84.582
755.492252 84.520
760.966861 84.459
766.481140 84.401
772.035378 84.345
777.629865 84.291
783.264892 84.239
788.940752 84.190
794.657742 84.142
800.416159 84.098
806.216305 84.056
812.058481 84.017
817.942991 83.981
823.870143 83.948
829.840246 83.918
835.853610 83.891
841.910550 83.868
848.011381 83.848
854.156421 83.831
860.345991 83.818
866.580412 83.809
872.860011 83.803
879.185115 83.801
885.556052 83.803
891.973157 83.808
898.436762 83.818
904.947205 83.833
911.504825 83.851
918.109965 83.875
924.762968 83.903
931.464182 83.936
938.213956 83.975
945.012641 84.018
951.860592 84.068
958.758166 84.122
965.705723 84.182
972.703625 84.248
979.752236 84.318
986.851925 84.393
994.003060 84.474
1001.206016 84.558
1008.461168 84.647
1015.768893 84.740
1023.129573 84.836
1030.543592 84.935
1038.011336 85.037
1045.533194 85.141
1053.109558 85.248
1060.740824 85.356
1068.427390 85.466
1076.169655 85.577
1083.968024 85.689
1091.822903 85.803
1099.734702 85.917
1107.703833 86.032
1115.730711 86.148
1123.815756 86.264
1131.959388 86.381
1140.162033 86.499
1148.424117 86.617
1156.746071 86.735
1165.128330 86.854
1173.571330 86.973
1182.075512 87.091
1190.641318 87.210
1199.269196 87.329
1207.959595 87.447
1216.712968 87.565
1225.529772 87.682
1234.410466 87.798
1243.355513 87.912
1252.365380 88.026
1261.440535 88.137
1270.581453 88.247
1279.788610 88.355
1289.062486 88.461
1298.403564 88.564
1307.812332 88.664
1317.289279 88.762
1326.834900 88.856
1336.449693 88.947
1346.134158 89.035
1355.888801 89.119
1365.714131 89.199
1375.610658 89.275
1385.578900 89.347
1395.619376 89.415
1405.732609 89.478
1415.919127 89.537
1426.179461 89.591
1436.514145 89.640
1446.923719 89.684
1457.408724 89.722
1467.969709 89.755
1478.607223 89.781
1489.321820 89.802
1500.114060 89.816
1510.984505 89.824
1521.933721 89.825
1532.962280 89.819
1544.070757 89.806
1555.259730 89.786
1566.529783 89.759
1577.881504 89.724
1589.315484 89.683
1600.832319 89.634
1612.432610 89.579
1624.116961 89.517
1635.885982 89.449
1647.740286 89.375
1659.680492 89.295
1671.707221 89.211
1683.821100 89.123
1696.022762 89.031
1708.312842 88.936
1720.691981 88.838
1733.160825 88.739
1745.720022 88.639
1758.370229 88.538
1771.112105 88.437
1783.946313 88.337
1796.873524 88.237
1809.894410 88.139
1823.009651 88.043
1836.219930 87.948
1849.525937 87.854
1862.928364 87.762
1876.427911 87.672
1890.025281 87.583
1903.721184 87.494
1917.516332 87.407
1931.411446 87.319
1945.407249 87.232
1959.504472 87.144
1973.703849 87.055
1988.006121 86.965
2002.412033 86.875
2016.922336 86.782
2031.537787 86.688
2046.259147 86.593
2061.087184 86.495
2076.022671 86.396
2091.066388 86.296
2106.219117 86.195
2121.481649 86.092
2136.854779 85.989
2152.339310 85.885
2167.936048 85.782
2183.645806 85.679
2199.469403 85.578
2215.407665 85.478
2231.461423 85.380
2247.631512 85.285
2263.918776 85.192
2280.324065 85.102
2296.848233 85.013
2313.492142 84.927
2330.256660 84.842
2347.142660 84.758
2364.151024 84.674
2381.282637 84.590
2398.538392 84.505
2415.919190 84.419
2433.425937 84.333
2451.059544 84.247
2468.820932 84.161
2486.711026 84.078
2504.730759 83.998
2522.881071 83.924
2541.162907 83.858
2559.577221 83.801
2578.124973 83.754
2596.807129 83.718
2615.624664 83.694
2634.578558 83.680
2653.669801 83.677
2672.899386 83.683
2692.268317 83.697
2711.777603 83.717
2731.428261 83.743
2751.221316 83.773
2771.157800 83.807
2791.238752 83.843
2811.465218 83.881
2831.838254 83.922
2852.358922 83.965
2873.028290 84.009
2893.847438 84.056
2914.817449 84.104
2935.939418 84.154
2957.214445 84.207
2978.643640 84.262
3000.228120 84.319
3021.969009 84.378
3043.867443 84.440
3065.924561 84.505
3088.141514 84.572
3110.519460 84.642
3133.059567 84.714
3155.763008 84.790
3178.630967 84.868
3201.664638 84.948
3224.865219 85.032
3248.233922 85.119
3271.771964 85.209
3295.480573 85.302
3319.360983 85.399
3343.414441 85.499
3367.642201 85.602
3392.045524 85.709
3416.625684 85.819
3441.383962 85.933
3466.321649 86.049
3491.440045 86.169
3516.740459 86.292
3542.224210 86.417
3567.892627 86.544
3593.747047 86.673
3619.788820 86.803
3646.019302 86.934
3672.439861 87.066
3699.051874 87.197
3725.856728 87.327
3752.855822 87.455
3780.050562 87.581
3807.442367 87.704
3835.032664 87.824
3862.822892 87.940
3890.814499 88.051
3919.008944 88.157
3947.407699 88.257
3976.012242 88.350
4004.824066 88.437
4033.844672 88.516
4063.075573 88.587
4092.518294 88.650
4122.174368 88.705
4152.045343 88.750
4182.132775 88.786
4212.438233 88.814
4242.963297 88.832
4273.709558 88.840
4304.678619 88.840
4335.872095 88.831
4367.291612 88.814
4398.938807 88.788
4430.815331 88.753
4462.922845 88.711
4495.263024 88.661
4527.837553 88.604
4560.648130 88.539
4593.696467 88.468
4626.984285 88.390
4660.513320 88.308
4694.285321 88.220
4728.302048 88.129
4762.565273 88.035
4797.076784 87.939
4831.838380 87.843
4866.851873 87.746
4902.119088 87.650
4937.641864 87.556
4973.422052 87.464
5009.461518 87.375
5045.762141 87.289
5082.325814 87.205
5119.154442 87.124
5156.249945 87.046
5193.614258 86.969
5231.249328 86.892
5269.157117 86.817
5307.339601 86.740
5345.798772 86.662
5384.536633 86.581
5423.555205 86.498
5462.856522 86.409
5502.442632 86.316
5542.315600 86.217
5582.477504 86.110
5622.930437 85.996
5663.676509 85.873
5704.717843 85.741
5746.056580 85.598
5787.694875 85.445
5829.634898 85.279
5871.878836 85.101
5914.428890 84.909
5957.287280 84.704
6000.456239 84.485
6043.938019 84.251
6087.734885 84.001
6131.849122 83.737
6176.283028 83.457
6221.038921 83.162
6266.119133 82.852
6311.526016 82.527
6357.261935 82.188
6403.329275 81.835
6449.730439 81.469
6496.467844 81.091
6543.543928 80.700
6590.961145 80.299
6638.721967 79.887
6686.828883 79.465
6735.284401 79.033
6784.091048 78.593
6833.251369 78.144
6882.767925 77.688
6932.643299 77.224
6982.880090 76.754
7033.480917 76.279
7084.448419 75.799
7135.785253 75.316
7187.494094 74.831
7239.577640 74.346
7292.038603 73.864
7344.879721 73.385
7398.103747 72.912
7451.713457 72.446
7505.711644 71.990
7560.101125 71.544
7614.884734 71.109
7670.065328 70.685
7725.645783 70.273
7781.628997 69.872
7838.017889 69.481
7894.815397 69.099
7952.024484 68.725
8009.648131 68.357
8067.689344 67.995
8126.151146 67.636
8185.036587 67.281
8244.348736 66.928
8304.090686 66.576
8364.265550 66.226
8424.876466 65.877
8485.926594 65.529
8547.419116 65.183
8609.357239 64.840
8671.744190 64.499
8734.583223 64.162
8797.877614 63.830
8861.630662 63.505
8925.845690 63.188
8990.526048 62.881
9055.675106 62.587
9121.296260 62.307
9187.392933 62.044
9253.968570 61.799
9321.026641 61.574
9388.570642 61.372
9456.604095 61.192
9525.130547 61.035
9594.153569 60.902
9663.676761 60.794
9733.703746 60.710
9804.238176 60.650
9875.283727 60.617
9946.844104 60.611
10018.923037 60.634
10091.524283 60.688
10164.651628 60.773
10238.308884 60.891
10312.499890 61.041
10387.228516 61.221
10462.498655 61.430
10538.314233 61.661
10614.679203 61.911
10691.597544 62.174
10769.073267 62.443
10847.110411 62.713
10925.713044 62.978
11004.885265 63.233
11084.631200 63.473
11164.955007 63.694
11245.860874 63.891
11327.353017 64.063
11409.435687 64.205
11492.113161 64.316
11575.389750 64.394
11659.269796 64.438
11743.757671 64.446
11828.857780 64.418
11914.574560 64.354
12000.912479 64.254
12087.876037 64.119
12175.469770 63.950
12263.698243 63.747
12352.566056 63.514
12442.077842 63.251
12532.238267 62.961
12623.052031 62.646
12714.523870 62.311
12806.658551 61.958
12899.460878 61.590
12992.935689 61.213
13087.087857 60.829
13181.922290 60.445
13277.443933 60.064
13373.657765 59.691
13470.568802 59.331
13568.182097 58.988
13666.502737 58.666
13765.535850 58.367
13865.286597 58.094
13965.760179 57.847
14066.961835 57.626
14168.896839 57.432
14271.570506 57.262
14374.988189 57.114
14479.155279 56.984
14584.077207 56.870
14689.759442 56.769
14796.207495 56.676
14903.426914 56.589
15011.423288 56.506
15120.202250 56.423
15229.769468 56.339
15340.130656 56.252
15451.291566 56.160
15563.257994 56.062
15676.035777 55.957
15789.630794 55.844
15904.048968 55.720
16019.296263 55.584
16135.378687 55.436
16252.302292 55.273
16370.073174 55.094
16488.697473 54.898
16608.181372 54.683
16728.531100 54.449
16849.752932 54.195
16971.853188 53.922
17094.838232 53.630
17218.714477 53.321
17343.488380 52.998
17469.166446 52.664
17595.755228 52.323
17723.261323 51.982
17851.691381 51.647
17981.052096 51.325
18111.350211 51.025
18242.592521 50.753
18374.785866 50.516
18507.937139 50.319
18642.053281 50.162
18777.141284 50.044
18913.208190 49.961
19050.261093 49.907
19188.307138 49.874
19327.353521 49.857
19467.407492 49.848
19608.476352 49.845
19750.567454 49.844
19893.688208 49.844
20037.846073 49.844

